-0.934447246111
-0.548429282761
0.331927968718
-0.00114388521375
0.230050027299
-0.0859107798459
-0.0916902615464
0.0729902749546
-0.860760255396
0.792911586196
-0.247473950729
0.657553763389
0.800669064084
0.669564927647
0.0210710312801
-0.158204902172
0.059700707965
-0.231515850724
-0.19246406423
-0.485825515951
-0.199314763194
0.590236189954
0.525371924155
-0.390979226738
-0.795815196586
0.619179822861
0.964753961555
-0.327545351779
-0.42049924223
-0.239064350818
-0.390428737067
-0.999696827422
-0.439958065977
0.881719917795
0.10036463142
0.148152279768
-0.990277365015
-0.294371222756
0.646081996791
-0.817746409544
-0.129453547536
0.883110630834
-0.886577758081
-0.649973571194
0.474469331127
-0.942950673657
0.846785752035
0.101771846807
-0.271527390697
-0.56721469228
0.84427127849
0.454230811214
0.0256148006934
0.615869721694
0.843554486902
0.178925560446
0.220804855264
-0.679742099072
0.59530720221
-0.778482580522
0.75462002856
-0.225337173751
-0.863465781769
0.190346549185
-0.475235036844
-0.67699598478
0.393306192559
-0.191064828956
-0.513936668155
-0.438814498204
0.0357001963085
-0.575975766527
0.985524607656
-0.197763269639
-0.702538907872
-0.198166684835
-0.159931187482
0.285019859246
0.673881513966
0.137482687272
0.542785852746
0.372292312201
0.418549092061
0.157660108683
0.44716195259
-0.244907051803
-0.729389649656
0.807046876599
-0.996006642252
0.965735238107
0.460203890499
-0.26131505121
0.616310319569
-0.157929788341
0.898669799628
-0.666948035887
0.410318103043
-0.433944572408
0.408241618286
0.486477225331
