-0.612977669711
0.740249941152
-0.814143945709
-0.125140689721
0.543902919998
0.18962226365
-0.0515379584826
-0.349704475018
0.42820287472
0.469783423617
0.0098149349422
-0.839432250913
-0.139978642889
0.692298920976
-0.0882497523303
0.987751181504
0.332862323278
0.408128997345
0.280217645386
-0.546974413256
-0.962600997939
-0.932628710115
-0.145118291057
-0.278199366942
-0.205746841648
-0.965359025998
0.135308229111
0.339898109521
0.503681325777
0.281778313909
-0.274254229445
-0.317473857276
0.84342716368
0.439875643385
-0.128785401861
-0.875976643185
0.691923081192
-0.68734617379
0.264571889942
-0.836690311405
0.864993510483
-0.611872659511
-0.145551987483
0.592785637116
-0.805854500898
0.105106915209
0.711198024452
-0.957562318323
0.627957960482
0.33892343684
-0.746607432377
0.2419230408
-0.524743282366
0.335568265772
0.253120098871
-0.497966238753
-0.613598134197
0.63643592737
0.397927740466
-0.107727224465
0.871591484734
0.479493724146
-0.0279951052285
0.786367535176
-0.374524667649
0.33592354556
0.932517896981
0.884422031919
-0.330478872732
0.138757057658
-0.100611845584
-0.171398746503
-0.744025592519
-0.198391927124
0.381955891995
0.149792853705
-0.376035977743
0.367581584833
0.468411012909
-0.699233287938
0.779485527548
-0.889705195836
0.139557384747
-0.76574822436
0.296697943244
-0.277671550679
-0.5569517444
0.571775578941
-0.214104462919
0.092686895909
0.116196229217
-0.924951775584
-0.113896480762
-0.856877197303
0.420725968818
0.333491802941
0.43345186656
-0.721262406796
0.241619673778
-0.403438437016
